begin 0
    begin 1
    end
end
begin 2
    begin 3
        3 15 1 ""
    end
    2 55 37 "4'd0"
    2 56 38 "4'd1"
    2 57 39 "4'd2"
    2 58 40 "4'd3"
    2 59 41 "4'd4"
    2 60 42 "4'd5"
    2 61 43 "4'd6"
    2 62 44 "4'd7"
    2 63 45 "4'd8"
    2 64 46 "4'd9"
    2 65 47 "4'd10"
    2 66 48 "4'd11"
end
begin 4
    begin 5
        5 15 1 ""
    end
    4 97 2 "7'b0110111"
    4 98 3 "7'b0010111"
    4 99 9 "7'b0010011"
    4 100 10 "7'b0110011"
    4 101 11 "7'b1110011"
    4 102 12 "7'b0001111"
    4 104 4 "7'b1101111"
    4 105 5 "7'b1100111"
    4 106 6 "7'b1100011"
    4 107 7 "7'b0000011"
    4 108 8 "7'b0100011"
    4 117 80 "32'h3020_0073"
    4 131 81 "7'b0000001"
    4 161 37 "4'd0"
    4 165 27 "3'b000"
    4 165 37 "4'd0"
    4 166 29 "3'b010"
    4 166 45 "4'd8"
    4 167 30 "3'b011"
    4 167 46 "4'd9"
    4 168 31 "3'b100"
    4 168 41 "4'd4"
    4 169 33 "3'b110"
    4 169 40 "4'd3"
    4 170 34 "3'b111"
    4 170 39 "4'd2"
    4 171 28 "3'b001"
    4 171 42 "4'd5"
    4 172 32 "3'b101"
    4 172 44 "4'd7"
    4 172 43 "4'd6"
    4 173 37 "4'd0"
    4 177 27 "3'b000"
    4 177 38 "4'd1"
    4 177 37 "4'd0"
    4 178 29 "3'b010"
    4 178 45 "4'd8"
    4 179 30 "3'b011"
    4 179 46 "4'd9"
    4 180 31 "3'b100"
    4 180 41 "4'd4"
    4 181 33 "3'b110"
    4 181 40 "4'd3"
    4 182 34 "3'b111"
    4 182 39 "4'd2"
    4 183 28 "3'b001"
    4 183 42 "4'd5"
    4 184 32 "3'b101"
    4 184 44 "4'd7"
    4 184 43 "4'd6"
    4 185 37 "4'd0"
    4 189 13 "3'b000"
    4 189 14 "3'b001"
    4 189 47 "4'd10"
    4 190 15 "3'b100"
    4 190 16 "3'b101"
    4 190 45 "4'd8"
    4 191 17 "3'b110"
    4 191 18 "3'b111"
    4 191 46 "4'd9"
    4 192 47 "4'd10"
    4 195 48 "4'd11"
    4 204 14 "3'b001"
    4 205 16 "3'b101"
    4 206 18 "3'b111"
    4 217 91 "3'b001"
    4 218 92 "3'b010"
    4 219 93 "3'b011"
    4 220 94 "3'b100"
    4 221 95 "3'b101"
    4 222 90 "3'b000"
    4 239 13 "3'b000"
    4 239 14 "3'b001"
    4 240 15 "3'b100"
    4 240 16 "3'b101"
    4 241 17 "3'b110"
    4 241 18 "3'b111"
end
begin 6
    begin 7
        7 15 1 ""
    end
    6 57 57 "32'h0000_0000"
end
begin 8
    begin 9
        9 15 1 ""
    end
    8 58 24 "3'b000"
    8 62 25 "3'b001"
    8 66 26 "3'b010"
    8 101 19 "3'b000"
    8 102 22 "3'b100"
    8 103 20 "3'b001"
    8 104 23 "3'b101"
    8 105 21 "3'b010"
end
begin 10
    begin 11
        11 15 1 ""
    end
    10 97 58 "12'h300"
    10 98 59 "12'h304"
    10 99 60 "12'h305"
    10 100 61 "12'h340"
    10 101 62 "12'h341"
    10 102 64 "12'h342"
    10 103 63 "12'h343"
    10 104 65 "12'h344"
    10 105 66 "12'hC00"
    10 106 67 "12'hC80"
    10 107 68 "12'hC02"
    10 108 69 "12'hC82"
    10 120 70 "2'b01"
    10 121 71 "2'b10"
    10 122 72 "2'b11"
    10 155 58 "12'h300"
    10 156 76 "3"
    10 157 77 "7"
    10 159 59 "12'h304"
    10 159 78 "11"
    10 160 60 "12'h305"
    10 161 61 "12'h340"
    10 162 62 "12'h341"
    10 163 64 "12'h342"
    10 164 63 "12'h343"
end
begin 12
    begin 13
        13 15 1 ""
    end
    12 45 85 "3'b011"
    12 46 85 "3'b011"
    12 46 84 "3'b010"
    12 63 82 "3'b000"
end
begin 14
    begin 15
        15 15 1 ""
    end
    14 72 88 "3'b110"
    14 72 89 "3'b111"
    14 74 86 "3'b100"
    14 74 88 "3'b110"
    14 78 86 "3'b100"
    14 78 88 "3'b110"
    14 83 86 "3'b100"
    14 83 88 "3'b110"
    14 89 86 "3'b100"
    14 90 88 "3'b110"
    14 115 96 "32'hFFFF_FFFF"
    14 119 97 "32'h8000_0000"
end
begin 16
    begin 17
        17 15 1 ""
    end
end
begin 18
    begin 19
        19 15 1 ""
    end
end
begin 20
    begin 21
        21 15 1 ""
    end
end
begin 22
    begin 23
        23 15 1 ""
    end
end
begin 24
    begin 25
        25 15 1 ""
    end
    24 103 9 "7'b0010011"
    24 107 7 "7'b0000011"
    24 111 8 "7'b0100011"
    24 122 9 "7'b0010011"
    24 126 4 "7'b1101111"
    24 131 9 "7'b0010011"
    24 137 9 "7'b0010011"
    24 142 2 "7'b0110111"
    24 151 9 "7'b0010011"
    24 156 9 "7'b0010011"
    24 160 9 "7'b0010011"
    24 165 10 "7'b0110011"
    24 166 10 "7'b0110011"
    24 167 10 "7'b0110011"
    24 168 10 "7'b0110011"
    24 176 4 "7'b1101111"
    24 181 6 "7'b1100011"
    24 186 6 "7'b1100011"
    24 198 9 "7'b0010011"
    24 203 7 "7'b0000011"
    24 211 5 "7'b1100111"
    24 215 10 "7'b0110011"
    24 224 5 "7'b1100111"
    24 229 10 "7'b0110011"
    24 235 8 "7'b0100011"
end
begin 26
    begin 27
        27 15 1 ""
    end
    26 390 91 "3'b001"
    26 391 92 "3'b010"
    26 392 94 "3'b100"
    26 393 95 "3'b101"
    26 564 20 "3'b001"
    26 564 25 "3'b001"
    26 565 21 "3'b010"
    26 565 26 "3'b010"
    26 587 70 "2'b01"
    26 893 91 "3'b001"
    26 894 92 "3'b010"
    26 895 93 "3'b011"
    26 896 94 "3'b100"
    26 897 95 "3'b101"
    26 907 75 "32'h0000_0006"
    26 908 74 "32'h0000_0004"
    26 909 73 "32'h8000_000B"
end
begin 28
end
