begin 0
end
begin 1
    begin 2
        2 15 1 ""
    end
end
begin 3
    begin 4
        4 15 1 ""
    end
    3 55 38 "4'd0"
    3 56 39 "4'd1"
    3 57 40 "4'd2"
    3 58 41 "4'd3"
    3 59 42 "4'd4"
    3 60 43 "4'd5"
    3 61 44 "4'd6"
    3 62 45 "4'd7"
    3 63 46 "4'd8"
    3 64 47 "4'd9"
    3 65 48 "4'd10"
    3 66 49 "4'd11"
end
begin 5
    begin 6
        6 15 1 ""
    end
    5 107 2 "7'b0110111"
    5 108 3 "7'b0010111"
    5 109 9 "7'b0010011"
    5 110 10 "7'b0110011"
    5 111 11 "7'b1110011"
    5 112 12 "7'b0001111"
    5 113 13 "7'b0101111"
    5 115 4 "7'b1101111"
    5 116 5 "7'b1100111"
    5 117 6 "7'b1100011"
    5 118 7 "7'b0000011"
    5 119 8 "7'b0100011"
    5 122 116 "5'b00000"
    5 122 117 "5'b00001"
    5 123 118 "5'b00010"
    5 123 119 "5'b00011"
    5 124 120 "5'b00100"
    5 124 121 "5'b01000"
    5 125 122 "5'b01100"
    5 125 123 "5'b10000"
    5 126 124 "5'b10100"
    5 126 125 "5'b11000"
    5 127 126 "5'b11100"
    5 128 22 "3'b010"
    5 129 118 "5'b00010"
    5 130 118 "5'b00010"
    5 131 119 "5'b00011"
    5 133 117 "5'b00001"
    5 133 128 "4'd1"
    5 134 120 "5'b00100"
    5 134 129 "4'd2"
    5 135 121 "5'b01000"
    5 135 130 "4'd3"
    5 136 122 "5'b01100"
    5 136 131 "4'd4"
    5 137 123 "5'b10000"
    5 137 132 "4'd5"
    5 138 124 "5'b10100"
    5 138 133 "4'd6"
    5 139 125 "5'b11000"
    5 139 134 "4'd7"
    5 140 126 "5'b11100"
    5 140 135 "4'd8"
    5 141 127 "4'd0"
    5 150 113 "32'h3020_0073"
    5 151 114 "32'h7B20_0073"
    5 165 115 "7'b0000001"
    5 196 38 "4'd0"
    5 200 28 "3'b000"
    5 200 38 "4'd0"
    5 201 30 "3'b010"
    5 201 46 "4'd8"
    5 202 31 "3'b011"
    5 202 47 "4'd9"
    5 203 32 "3'b100"
    5 203 42 "4'd4"
    5 204 34 "3'b110"
    5 204 41 "4'd3"
    5 205 35 "3'b111"
    5 205 40 "4'd2"
    5 206 29 "3'b001"
    5 206 43 "4'd5"
    5 207 33 "3'b101"
    5 207 45 "4'd7"
    5 207 44 "4'd6"
    5 208 38 "4'd0"
    5 212 28 "3'b000"
    5 212 39 "4'd1"
    5 212 38 "4'd0"
    5 213 30 "3'b010"
    5 213 46 "4'd8"
    5 214 31 "3'b011"
    5 214 47 "4'd9"
    5 215 32 "3'b100"
    5 215 42 "4'd4"
    5 216 34 "3'b110"
    5 216 41 "4'd3"
    5 217 35 "3'b111"
    5 217 40 "4'd2"
    5 218 29 "3'b001"
    5 218 43 "4'd5"
    5 219 33 "3'b101"
    5 219 45 "4'd7"
    5 219 44 "4'd6"
    5 220 38 "4'd0"
    5 224 14 "3'b000"
    5 224 15 "3'b001"
    5 224 48 "4'd10"
    5 225 16 "3'b100"
    5 225 17 "3'b101"
    5 225 46 "4'd8"
    5 226 18 "3'b110"
    5 226 19 "3'b111"
    5 226 47 "4'd9"
    5 227 48 "4'd10"
    5 230 49 "4'd11"
    5 239 15 "3'b001"
    5 240 17 "3'b101"
    5 241 19 "3'b111"
    5 252 145 "3'b001"
    5 253 146 "3'b010"
    5 254 147 "3'b011"
    5 255 148 "3'b100"
    5 256 149 "3'b101"
    5 257 144 "3'b000"
    5 264 22 "3'b010"
    5 274 14 "3'b000"
    5 274 15 "3'b001"
    5 275 16 "3'b100"
    5 275 17 "3'b101"
    5 276 18 "3'b110"
    5 276 19 "3'b111"
end
begin 7
    begin 8
        8 15 1 ""
    end
    7 25 58 "32'h0000_0000"
end
begin 9
    begin 10
        10 15 1 ""
    end
    9 58 25 "3'b000"
    9 62 26 "3'b001"
    9 66 27 "3'b010"
    9 101 20 "3'b000"
    9 102 23 "3'b100"
    9 103 21 "3'b001"
    9 104 24 "3'b101"
    9 105 22 "3'b010"
end
begin 11
    begin 12
        12 15 1 ""
    end
    11 138 85 "12'h7A0"
    11 139 86 "12'h7A1"
    11 140 87 "12'h7A2"
    11 141 88 "12'h7A4"
    11 149 68 "12'h3A0"
    11 150 69 "12'h3A1"
    11 158 70 "12'h3B0"
    11 159 70 "12'h3B0"
    11 174 69 "12'h3A1"
    11 200 59 "12'h300"
    11 201 67 "12'h301"
    11 202 60 "12'h304"
    11 203 61 "12'h305"
    11 204 62 "12'h340"
    11 205 63 "12'h341"
    11 206 65 "12'h342"
    11 207 64 "12'h343"
    11 208 66 "12'h344"
    11 209 78 "12'hC00"
    11 210 79 "12'hC80"
    11 211 80 "12'hC02"
    11 212 81 "12'hC82"
    11 213 82 "12'h7B0"
    11 214 83 "12'h7B1"
    11 215 84 "12'h7B2"
    11 216 68 "12'h3A0"
    11 217 69 "12'h3A1"
    11 218 70 "12'h3B0"
    11 219 71 "12'h3B1"
    11 220 72 "12'h3B2"
    11 221 73 "12'h3B3"
    11 222 74 "12'h3B4"
    11 223 75 "12'h3B5"
    11 224 76 "12'h3B6"
    11 225 77 "12'h3B7"
    11 227 85 "12'h7A0"
    11 228 86 "12'h7A1"
    11 229 87 "12'h7A2"
    11 230 88 "12'h7A4"
    11 238 59 "12'h300"
    11 239 67 "12'h301"
    11 240 60 "12'h304"
    11 241 61 "12'h305"
    11 242 62 "12'h340"
    11 243 63 "12'h341"
    11 244 65 "12'h342"
    11 245 64 "12'h343"
    11 246 66 "12'h344"
    11 247 78 "12'hC00"
    11 248 79 "12'hC80"
    11 249 80 "12'hC02"
    11 250 81 "12'hC82"
    11 251 82 "12'h7B0"
    11 252 83 "12'h7B1"
    11 253 84 "12'h7B2"
    11 254 68 "12'h3A0"
    11 255 69 "12'h3A1"
    11 256 70 "12'h3B0"
    11 257 71 "12'h3B1"
    11 258 72 "12'h3B2"
    11 259 73 "12'h3B3"
    11 260 74 "12'h3B4"
    11 261 75 "12'h3B5"
    11 262 76 "12'h3B6"
    11 263 77 "12'h3B7"
    11 265 85 "12'h7A0"
    11 266 86 "12'h7A1"
    11 267 87 "12'h7A2"
    11 268 88 "12'h7A4"
    11 273 59 "12'h300"
    11 274 60 "12'h304"
    11 275 61 "12'h305"
    11 276 62 "12'h340"
    11 277 63 "12'h341"
    11 278 65 "12'h342"
    11 279 64 "12'h343"
    11 280 83 "12'h7B1"
    11 281 84 "12'h7B2"
    11 282 68 "12'h3A0"
    11 283 69 "12'h3A1"
    11 284 70 "12'h3B0"
    11 285 71 "12'h3B1"
    11 286 72 "12'h3B2"
    11 287 73 "12'h3B3"
    11 288 74 "12'h3B4"
    11 289 75 "12'h3B5"
    11 290 76 "12'h3B6"
    11 291 77 "12'h3B7"
    11 292 85 "12'h7A0"
    11 293 86 "12'h7A1"
    11 294 87 "12'h7A2"
    11 295 88 "12'h7A4"
    11 305 82 "12'h7B0"
    11 318 89 "2'b01"
    11 319 90 "2'b10"
    11 320 91 "2'b11"
    11 371 59 "12'h300"
    11 372 103 "3"
    11 373 104 "7"
    11 376 60 "12'h304"
    11 377 107 "11"
    11 378 109 "7"
    11 379 111 "3"
    11 381 61 "12'h305"
    11 382 62 "12'h340"
    11 383 63 "12'h341"
    11 384 65 "12'h342"
    11 385 64 "12'h343"
    11 386 83 "12'h7B1"
    11 387 84 "12'h7B2"
    11 388 68 "12'h3A0"
    11 393 69 "12'h3A1"
    11 398 70 "12'h3B0"
    11 399 71 "12'h3B1"
    11 400 72 "12'h3B2"
    11 401 73 "12'h3B3"
    11 402 74 "12'h3B4"
    11 403 75 "12'h3B5"
    11 404 76 "12'h3B6"
    11 405 77 "12'h3B7"
    11 409 82 "12'h7B0"
    11 421 59 "12'h300"
    11 422 103 "3"
    11 423 104 "7"
    11 425 60 "12'h304"
    11 426 107 "11"
    11 427 109 "7"
    11 428 111 "3"
    11 430 61 "12'h305"
    11 431 62 "12'h340"
    11 432 63 "12'h341"
    11 433 65 "12'h342"
    11 434 64 "12'h343"
    11 435 83 "12'h7B1"
    11 436 84 "12'h7B2"
    11 437 68 "12'h3A0"
    11 442 69 "12'h3A1"
    11 447 70 "12'h3B0"
    11 448 71 "12'h3B1"
    11 449 72 "12'h3B2"
    11 450 73 "12'h3B3"
    11 451 74 "12'h3B4"
    11 452 75 "12'h3B5"
    11 453 76 "12'h3B6"
    11 454 77 "12'h3B7"
    11 458 82 "12'h7B0"
    11 524 92 "32'h8000_000B"
    11 525 94 "32'h8000_0003"
    11 526 93 "32'h8000_0007"
end
begin 13
    begin 14
        14 15 1 ""
    end
    13 44 139 "3'b011"
    13 45 139 "3'b011"
    13 45 138 "3'b010"
    13 66 136 "3'b000"
end
begin 15
    begin 16
        16 15 1 ""
    end
    15 73 142 "3'b110"
    15 73 143 "3'b111"
    15 75 140 "3'b100"
    15 75 142 "3'b110"
    15 79 140 "3'b100"
    15 79 142 "3'b110"
    15 84 140 "3'b100"
    15 84 142 "3'b110"
    15 90 140 "3'b100"
    15 91 142 "3'b110"
    15 116 150 "32'hFFFF_FFFF"
    15 120 151 "32'h8000_0000"
end
begin 17
    begin 18
        18 15 1 ""
    end
end
begin 19
    begin 20
        20 15 1 ""
    end
end
begin 21
    begin 22
        22 15 1 ""
    end
end
begin 23
    begin 24
        24 15 1 ""
    end
end
begin 25
    begin 26
        26 15 1 ""
    end
    25 103 9 "7'b0010011"
    25 107 7 "7'b0000011"
    25 111 8 "7'b0100011"
    25 122 9 "7'b0010011"
    25 126 4 "7'b1101111"
    25 130 9 "7'b0010011"
    25 136 9 "7'b0010011"
    25 141 2 "7'b0110111"
    25 150 9 "7'b0010011"
    25 155 9 "7'b0010011"
    25 159 9 "7'b0010011"
    25 164 10 "7'b0110011"
    25 165 10 "7'b0110011"
    25 166 10 "7'b0110011"
    25 167 10 "7'b0110011"
    25 175 4 "7'b1101111"
    25 180 6 "7'b1100011"
    25 185 6 "7'b1100011"
    25 197 9 "7'b0010011"
    25 202 7 "7'b0000011"
    25 210 5 "7'b1100111"
    25 213 10 "7'b0110011"
    25 222 5 "7'b1100111"
    25 226 10 "7'b0110011"
    25 232 8 "7'b0100011"
end
begin 27
    begin 28
        28 15 1 ""
    end
    begin 29
    end
    27 20 58 "32'h0000_0000"
    27 219 0 ""
    27 559 145 "3'b001"
    27 560 146 "3'b010"
    27 561 148 "3'b100"
    27 562 149 "3'b101"
    27 746 128 "4'd1"
    27 747 129 "4'd2"
    27 748 130 "4'd3"
    27 749 131 "4'd4"
    27 750 132 "4'd5"
    27 751 133 "4'd6"
    27 752 134 "4'd7"
    27 753 135 "4'd8"
    27 783 21 "3'b001"
    27 783 26 "3'b001"
    27 784 22 "3'b010"
    27 784 27 "3'b010"
    27 845 89 "2'b01"
    27 913 21 "3'b001"
    27 913 26 "3'b001"
    27 914 22 "3'b010"
    27 914 27 "3'b010"
    27 1044 89 "2'b01"
    27 1045 90 "2'b10"
    27 1046 91 "2'b11"
    27 1516 145 "3'b001"
    27 1517 146 "3'b010"
    27 1518 147 "3'b011"
    27 1519 148 "3'b100"
    27 1520 149 "3'b101"
    27 1532 99 "32'h0000_0001"
    27 1533 102 "32'h0000_000B"
    27 1534 96 "32'h0000_0003"
    27 1535 95 "32'h0000_0002"
    27 1538 101 "32'h0000_0007"
    27 1539 100 "32'h0000_0005"
    27 1540 98 "32'h0000_0006"
    27 1541 97 "32'h0000_0004"
end
begin 30
end
