begin 0
end
begin 1
    begin 2
        2 15 1 ""
    end
end
begin 3
    begin 4
        4 15 1 ""
    end
    3 55 37 "4'd0"
    3 56 38 "4'd1"
    3 57 39 "4'd2"
    3 58 40 "4'd3"
    3 59 41 "4'd4"
    3 60 42 "4'd5"
    3 61 43 "4'd6"
    3 62 44 "4'd7"
    3 63 45 "4'd8"
    3 64 46 "4'd9"
    3 65 47 "4'd10"
    3 66 48 "4'd11"
end
begin 5
    begin 6
        6 15 1 ""
    end
    5 97 2 "7'b0110111"
    5 98 3 "7'b0010111"
    5 99 9 "7'b0010011"
    5 100 10 "7'b0110011"
    5 101 11 "7'b1110011"
    5 102 12 "7'b0001111"
    5 104 4 "7'b1101111"
    5 105 5 "7'b1100111"
    5 106 6 "7'b1100011"
    5 107 7 "7'b0000011"
    5 108 8 "7'b0100011"
    5 117 85 "32'h3020_0073"
    5 131 86 "7'b0000001"
    5 161 37 "4'd0"
    5 165 27 "3'b000"
    5 165 37 "4'd0"
    5 166 29 "3'b010"
    5 166 45 "4'd8"
    5 167 30 "3'b011"
    5 167 46 "4'd9"
    5 168 31 "3'b100"
    5 168 41 "4'd4"
    5 169 33 "3'b110"
    5 169 40 "4'd3"
    5 170 34 "3'b111"
    5 170 39 "4'd2"
    5 171 28 "3'b001"
    5 171 42 "4'd5"
    5 172 32 "3'b101"
    5 172 44 "4'd7"
    5 172 43 "4'd6"
    5 173 37 "4'd0"
    5 177 27 "3'b000"
    5 177 38 "4'd1"
    5 177 37 "4'd0"
    5 178 29 "3'b010"
    5 178 45 "4'd8"
    5 179 30 "3'b011"
    5 179 46 "4'd9"
    5 180 31 "3'b100"
    5 180 41 "4'd4"
    5 181 33 "3'b110"
    5 181 40 "4'd3"
    5 182 34 "3'b111"
    5 182 39 "4'd2"
    5 183 28 "3'b001"
    5 183 42 "4'd5"
    5 184 32 "3'b101"
    5 184 44 "4'd7"
    5 184 43 "4'd6"
    5 185 37 "4'd0"
    5 189 13 "3'b000"
    5 189 14 "3'b001"
    5 189 47 "4'd10"
    5 190 15 "3'b100"
    5 190 16 "3'b101"
    5 190 45 "4'd8"
    5 191 17 "3'b110"
    5 191 18 "3'b111"
    5 191 46 "4'd9"
    5 192 47 "4'd10"
    5 195 48 "4'd11"
    5 204 14 "3'b001"
    5 205 16 "3'b101"
    5 206 18 "3'b111"
    5 217 96 "3'b001"
    5 218 97 "3'b010"
    5 219 98 "3'b011"
    5 220 99 "3'b100"
    5 221 100 "3'b101"
    5 222 95 "3'b000"
    5 239 13 "3'b000"
    5 239 14 "3'b001"
    5 240 15 "3'b100"
    5 240 16 "3'b101"
    5 241 17 "3'b110"
    5 241 18 "3'b111"
end
begin 7
    begin 8
        8 15 1 ""
    end
    7 25 57 "32'h0000_0000"
end
begin 9
    begin 10
        10 15 1 ""
    end
    9 58 24 "3'b000"
    9 62 25 "3'b001"
    9 66 26 "3'b010"
    9 101 19 "3'b000"
    9 102 22 "3'b100"
    9 103 20 "3'b001"
    9 104 23 "3'b101"
    9 105 21 "3'b010"
end
begin 11
    begin 12
        12 15 1 ""
    end
    11 100 58 "12'h300"
    11 101 59 "12'h304"
    11 102 60 "12'h305"
    11 103 61 "12'h340"
    11 104 62 "12'h341"
    11 105 64 "12'h342"
    11 106 63 "12'h343"
    11 107 65 "12'h344"
    11 108 66 "12'hC00"
    11 109 67 "12'hC80"
    11 110 68 "12'hC02"
    11 111 69 "12'hC82"
    11 116 58 "12'h300"
    11 117 59 "12'h304"
    11 118 60 "12'h305"
    11 119 61 "12'h340"
    11 120 62 "12'h341"
    11 121 64 "12'h342"
    11 122 63 "12'h343"
    11 134 70 "2'b01"
    11 135 71 "2'b10"
    11 136 72 "2'b11"
    11 169 58 "12'h300"
    11 170 79 "3"
    11 171 80 "7"
    11 174 59 "12'h304"
    11 174 83 "11"
    11 175 60 "12'h305"
    11 176 61 "12'h340"
    11 177 62 "12'h341"
    11 178 64 "12'h342"
    11 179 63 "12'h343"
end
begin 13
    begin 14
        14 15 1 ""
    end
    13 44 90 "3'b011"
    13 45 90 "3'b011"
    13 45 89 "3'b010"
    13 66 87 "3'b000"
end
begin 15
    begin 16
        16 15 1 ""
    end
    15 73 93 "3'b110"
    15 73 94 "3'b111"
    15 75 91 "3'b100"
    15 75 93 "3'b110"
    15 79 91 "3'b100"
    15 79 93 "3'b110"
    15 84 91 "3'b100"
    15 84 93 "3'b110"
    15 90 91 "3'b100"
    15 91 93 "3'b110"
    15 116 101 "32'hFFFF_FFFF"
    15 120 102 "32'h8000_0000"
end
begin 17
    begin 18
        18 15 1 ""
    end
end
begin 19
    begin 20
        20 15 1 ""
    end
end
begin 21
    begin 22
        22 15 1 ""
    end
end
begin 23
    begin 24
        24 15 1 ""
    end
end
begin 25
    begin 26
        26 15 1 ""
    end
    25 103 9 "7'b0010011"
    25 107 7 "7'b0000011"
    25 111 8 "7'b0100011"
    25 122 9 "7'b0010011"
    25 126 4 "7'b1101111"
    25 130 9 "7'b0010011"
    25 136 9 "7'b0010011"
    25 141 2 "7'b0110111"
    25 150 9 "7'b0010011"
    25 155 9 "7'b0010011"
    25 159 9 "7'b0010011"
    25 164 10 "7'b0110011"
    25 165 10 "7'b0110011"
    25 166 10 "7'b0110011"
    25 167 10 "7'b0110011"
    25 175 4 "7'b1101111"
    25 180 6 "7'b1100011"
    25 185 6 "7'b1100011"
    25 197 9 "7'b0010011"
    25 202 7 "7'b0000011"
    25 210 5 "7'b1100111"
    25 213 10 "7'b0110011"
    25 222 5 "7'b1100111"
    25 226 10 "7'b0110011"
    25 232 8 "7'b0100011"
end
begin 27
    begin 28
        28 15 1 ""
    end
    27 19 57 "32'h0000_0000"
    27 149 0 ""
    27 443 96 "3'b001"
    27 444 97 "3'b010"
    27 445 99 "3'b100"
    27 446 100 "3'b101"
    27 623 20 "3'b001"
    27 623 25 "3'b001"
    27 624 21 "3'b010"
    27 624 26 "3'b010"
    27 646 70 "2'b01"
    27 721 70 "2'b01"
    27 722 71 "2'b10"
    27 723 72 "2'b11"
    27 991 96 "3'b001"
    27 992 97 "3'b010"
    27 993 98 "3'b011"
    27 994 99 "3'b100"
    27 995 100 "3'b101"
    27 1004 78 "32'h0000_000B"
    27 1005 75 "32'h0000_0003"
    27 1006 74 "32'h0000_0002"
    27 1008 77 "32'h0000_0006"
    27 1009 76 "32'h0000_0004"
    27 1010 73 "32'h8000_000B"
end
begin 29
end
